name
Kings Anabranch
Brahmaputra River
Backwater
Brahmaputra River
Brahmaputra River
Brahmaputra Anabranch
Brahmaputra River
Brahmaputra River
Lena Anabranch
Billewicz
Brahmaputra River
Brahmaputra River (Jamuna River)
Brahmaputra
Brahmaputra River
Banni Anabranch
Magela Creek
Braided Channel
Brahmaputra River
Brahmaputra River
Brahmaputra River
Bogue Chitto Anabranch
Brahmaputra River
Dodder
Brahmaputra River
Ward River
Brahmaputra River
Brahmaputra River
Brahmaputra River
Kern River
Brahmaputra River
Kosciuszko Anabranch
Brahmaputra River
Brahmaputra River
Saint-Domingue River
Brahmaputra River
Brahmaputra River Anabranch
Hawkesbury River
Brahmaputra River
Brazos River Anabranch
Brahmaputra River
Braided River
Ebro Anabranch
Brazos River
Brazos River Anabranch
Sunshine Anabranch
Braithwaite Creek
Brahmaputra
Brahmaputra River
Brahmaputra River
Brahmaputra River
