name
Window Sill
Silloth
Silly Putty
Silly Billy
Silly Putty
Sillimanite
Silloth
Silly Sally
Silloth
Silly Billy
Windowsill
Window sill
Window sill
Window Sill
Window sill
Window sill
Windowsill
Silloth
Windowsill
Windowsill
Windowsill
Windowsill
Windowsill
Window sill
Windowsill
Window Sill
Silly Billy
Silly Putty
Silly Putty
Window sill
Windowsill
Silly Putty
Silly Putty
Silly Putty
Silly Putty
Window sill
Silloth
Windowsill
Windowsill
Silly Putty
Silly Putty
Silly Putty
Silly Putty
Silly Putty
Silly Putty
Silloth
Window Sill
Silloth
Window sill
Silly Putty
