name
Makgadikgadi Pan
Etosha Pan
Etosha Pan
Makgadikgadi Pan
Makgadikgadi Pan
Makgadikgadi Pan
Etosha Pan
Etosha Pan
Makgadikgadi Pan
Makgadikgadi Pan
Makgadikgadi Pan
Etosha Pan
Makgadikgadi Pan
Etosha Pan
Etosha Pan
Makgadikgadi Pan
Makgadikgadi Pan
Salar de Uyuni
Salar de Uyuni
Makgadikgadi Pan
Etosha Pan
Etosha Pan
Makgadikgadi Pan
Makgadikgadi Pan
Makgadikgadi Pan
Makgadikgadi Pan
Makgadikgadi Pan
Salar de Uyuni
Makgadikgadi Pan
Makgadikgadi Pan
Etosha Pan
Makgadikgadi Pan
Makgadikgadi Pan
Etosha Pan
Makgadikgadi Pan
Makgadikgadi Pan
Makgadikgadi Pan
Makgadikgadi Pan
Makgadikgadi Pan
Etosha Pan
Makgadikgadi Pan
Makgadikgadi Pan
Makgadikgadi Pan
Etosha Pan
Makgadikgadi Pan
Makgadikgadi Pan
Makgadikgadi Pan
Makgadikgadi Pan
Makgadikgadi Pan
Makgadikgadi Pan
