name
Cape Town
Cape Cod
Cape Cod
Cape Cod
Cape Town
Cape Town
Cape Cod
Cape Cod
Cape Cod
Cape Cod
Cape Cod
Cape Cod
Cape Cod
Cape Cod
Cape Cod
Cape Town
Cape Cod
Cape Cod
Cape Cod
Cape Cod
Cape Cod
Cape Cod
Cape Cod
Cape Cod
Cape Cod
Cape Town
Cape Cod
Cape Cod
Cape Cod
Cape Cod
Cape Cod
Cape Cod
Cape Town
Cape Town
Cape Cod
Cape Cod
Cape Cod
Cape Cod
Cape Cod
Cape Cod
Cape Cod
Cape Cod
Cape Town
Cape Cod
Cape Cod
Cape Cod
Cape Cod
Cape Cod
Cape Cod
Cape Cod
