name
Sunny Glade
Glade
Glade
Glade
Sunny Glade
Glade
Sunny Glade
Sunny Glade
Glade
Glade
Glade
Meadow Clearing
Glade Clearing
Sunny Glade
Sunny Glade
Glade Clearing
Meadow Clearing
Sunny Glade
Glade
Glade
Sunny Glade
Glade
Glade
Glade
Sunny Glade
Glade of Tranquility
Glade
Glade
Glade Clearing
Sunny Glade
Glade
Glade of Serenity
Sunny Glade
Sunny Glade
Glade
Meadow Clearing
Glade
Meadow Clearing
Glade
Sunny Glade
Sunny Glade
Sunny Glade
Glade
Glade
Glade
Sunny Glade
Sunny Glade
Glade
Sunny Glade
Sunny Glade
