name
Yucatán Peninsula
Yucatán Peninsula
Yucatán Peninsula
Yucatan Peninsula
Yucatán Peninsula
Iberian Peninsula
Iberian Peninsula
Yucatán Peninsula
Yucatán Peninsula
Yucatán Peninsula
Yucatán Peninsula
Yucatán Peninsula
Yucatán Peninsula
Yucatan Peninsula
Iberian Peninsula
Yucatan Peninsula
Iberian Peninsula
Yucatán Peninsula
Baja California Peninsula
Yucatan Peninsula
Yucatán Peninsula
Iberian Peninsula
Yucatán Peninsula
Yucatán Peninsula
Yucatan Peninsula
Yucatán Peninsula
Yucatán Peninsula
Yucatan Peninsula
Yucatán Peninsula
Yucatan Peninsula
Yucatán Peninsula
Yucatan Peninsula
Yucatán Peninsula
Yucatan Peninsula
Yucatan Peninsula
Yucatán Peninsula
Yucatan Peninsula
Yucatán Peninsula
Yucatán Peninsula
Yucatán Peninsula
Yucatán Peninsula
Yucatan Peninsula
Yucatan Peninsula
Yucatán Peninsula
Yucatán Peninsula
Yucatán Peninsula
Yucatán Peninsula
Yucatán Peninsula
Yucatán Peninsula
Yucatan Peninsula
