name
Amazon Rainforest
Sahara Desert
Sahara Desert
Sahara Desert
Sahara Desert
Sahara Desert
Sahara Desert
Sahara Desert
Sahara Desert
Sahara Desert
Sahara Desert
Sahara Desert
Sahara Desert
Southeast Asia
Sahara Desert
Sahara Desert
Sahara Desert
Sahara Desert
Sahara Desert
Sahara Desert
Sahara Desert
Sahara Desert
Sahara Desert
Sahara Desert
Amazon Rainforest
Sahara Desert
Sahara Desert
Sahara Desert
Sahara Desert
Sahara Desert
Amazon Rainforest
Sahara Desert
Sahara Desert
Sahara Desert
Sahara Desert
Amazon Rainforest
Sahara Desert
Southeast Asia
Sahara Desert
Southeast Asia
Sahara Desert
Sahara Desert
Sahara Desert
Sahara Desert
Sahara Desert
Sahara Desert
Sahara Desert
Amazon Rainforest
Sahara Desert
Sahara Desert
