name
Mauna Kea Observatory
Mauna Kea Observatory
Mauna Kea Observatory
Mauna Kea Observatory
Mauna Kea Observatory
Mauna Kea Observatory
Mauna Kea Observatory
Mauna Kea Observatory
Mauna Kea Observatory
Mauna Kea Observatories
Mauna Kea Observatory
Mauna Kea Observatory
Mauna Kea Observatory
Mauna Kea Observatories
Mauna Kea Observatory
Mauna Kea Observatory
Mauna Kea Observatory
Mauna Kea Observatory
Mauna Kea Observatory
Mauna Kea Observatory
Mauna Kea Observatory
Mauna Kea Observatory
Mauna Kea Observatory
Mauna Kea Observatory
Mauna Kea Observatory
Mauna Kea Observatory
Mauna Kea Observatory
Mauna Kea Observatory
Mauna Kea Observatory
Mauna Kea Observatory
Mauna Kea Observatory
Mauna Kea Observatory
Mauna Kea Observatory
Mauna Kea Observatory
Mauna Kea Observatory
Mauna Kea Observatory
Mauna Kea Observatory
Mauna Kea Observatory
Mauna Kea Observatory
Mauna Kea Observatory
Mauna Kea Observatory
Mauna Kea Observatory
Mauna Kea Observatories
Mauna Kea Observatory
Mauna Kea Observatory
Mauna Kea Observatory
Mauna Kea Observatory
Mauna Kea Observatory
Mauna Kea Observatory
Mauna Kea Observatory
