name
Trafalgar Square
Trafalgar Square
Trafalgar Square
Trafalgar Square
Tiananmen Square
Trafalgar Square
Trafalgar Square
Trafalgar Square
Times Square
Trafalgar Square
Trafalgar Square
Trafalgar Square
Tiananmen Square
Tiananmen Square
Times Square
Times Square
Trafalgar Square
Tiananmen Square
Trafalgar Square
Trafalgar Square
Tiananmen Square
Tiananmen Square
Trafalgar Square
Trafalgar Square
Tiananmen Square
Trafalgar Square
Trafalgar Square
Trafalgar Square
Trafalgar Square
Tiananmen Square
Trafalgar Square
Tiananmen Square
Trafalgar Square
Trafalgar Square
Trafalgar Square
Trafalgar Square
Trafalgar Square
Tiananmen Square
Tiananmen Square
Tiananmen Square
Trafalgar Square
Trafalgar Square
Trafalgar Square
Trafalgar Square
Trafalgar Square
Trafalgar Square
Trafalgar Square
Trafalgar Square
Trafalgar Square
Trafalgar Square
