name
BBC One
BBC One
Discovery Channel
Discovery Channel
BBC
BBC One
BBC One
Discovery Channel
BBC One
Discovery Channel
BBC One
Discovery Channel
BBC One
BBC One
BBC One
Discovery Channel
BBC One
BBC One
BBC One
Discovery Channel
BBC One
Discovery Channel
Discovery Channel
BBC One
BBC One
BBC One
Discovery Channel
Discovery Channel
BBC One
BBC One
National Geographic
BBC One
BBC One
Discovery Channel
BBC One
BBC One
BBC One
Discovery Channel
BBC One
BBC One
Discovery Channel
BBC One
BBC One
BBC One
BBC One
Discovery Channel
BBC One
Discovery Channel
BBC One
BBC One
