name
Gradient
gradient
positive
Gradient
positive
Gradient
Gradient
positive
Gradient
Gradient
gradient
gradient
Gradient
Gradient
gradient
Gradient
Gradient
gradient
Gradient
Gradient
Gradient
Gradient
Gradient
Gradient
Gradient
positive
Gradient
positive
positive
positive
positive
gradient
gradient
gradient
gradient
gradient
gradient
gradient
gradient
Gradient
gradient
positive
gradient
positive
gradient
gradient
positive
gradient
gradient
gradient
