name
Baker Island
Monhegan Island
Baker Island
Rockall
Molokini
Baker Island
Motutapu Island
Baker Island
Bikini Atoll
Ile aux Cerfs
Motu Nui
Bacuit Islet
Motiti Island
Rockall
Ile aux Aigrettes
Molokini
Ile aux Aigrettes
Rockall
Baker Island
Ball's Pyramid
Baker Island
Baker Island
Baker Island
Baker Island
Baker Island
Île aux Cygnes
Moturiki
Ball's Pyramid
Baker Island
Ball's Pyramid
Baker Island
Ile aux Aigrettes
Ball's Pyramid
Motutapu Island
Ball's Pyramid
Ball's Pyramid
Baker Island
Nugget Islet
Motukorea
Easter Islet
Surtsey
Ile aux Cerfs
Montecristo
Bass Rock
Baker Island
Motiti Island
Baker Island
Rockall
Baltra Island
Motu Tapu
