name
Hollywood Blvd & Vine St
Broadway & 42nd Street
Hollywood Blvd & Vine St
Hollywood Blvd & Vine St
Broadway & 5th Ave
Hollywood Blvd & Vine St
Broadway & 42nd Street
Broadway & 5th Avenue
Hollywood Blvd & Vine St
Hollywood Blvd & Vine St
Hollywood Blvd & Vine St
Hollywood Blvd & Vine St
Broadway & 42nd Street
Broadway & 42nd Street
Broadway & 42nd Street
Hollywood Blvd & Vine St
Broadway & 42nd Street
Broadway & 5th Avenue
Hollywood Blvd & Vine St
Broadway & 42nd Street
Hollywood Blvd & Vine St
Broadway & 42nd Street
Hollywood Blvd & Vine St
Broadway & 42nd Street
Hollywood Blvd & Vine St
Broadway & 42nd Street
Hollywood Blvd & Vine St
Hollywood Blvd & Vine St
Broadway & 42nd Street
Hollywood Blvd & Vine St
Broadway & 42nd Street
Hollywood Blvd & Vine St
Hollywood Blvd & Vine St
Broadway & 42nd Street
Hollywood Blvd & Vine St
Broadway & 42nd Street
Hollywood Blvd & Vine St
Hollywood Blvd & Vine St
Broadway & 42nd Street
Hollywood Blvd & Vine St
Broadway & 42nd Street
Broadway & 5th Avenue
Broadway & 5th Avenue
Hollywood Blvd & Vine St
Hollywood Blvd & Vine St
Hollywood Blvd & Vine St
Broadway & 42nd Street
Hollywood Blvd & Vine St
Hollywood Blvd & Vine St
Hollywood Blvd & Vine St
