name
Bikini Atoll
Tetiaroa
Bikini Atoll
Tetiaroa
Maldives
Aldabra Atoll
Maldives
Bikini Atoll
Bikini Atoll
Bikini Atoll
Tetiaroa
Bikini Atoll
Bikini Atoll
Tetiaroa
Bikini Atoll
Bikini Atoll
Maldives
Bikini Atoll
Maldives
Maldives
Maldives
Maldives
Bikini Atoll
Bikini Atoll
Maldives
Bikini Atoll
Maldives
Bikini Atoll
Maldives
Maldives
Maldives
Bikini Atoll
Bikini Atoll
Bikini Atoll
Bikini Atoll
Bikini Atoll
Maldives
Bikini Atoll
Bikini Atoll
Bikini Atoll
Bikini Atoll
Bikini Atoll
Bikini Atoll
Bikini Atoll
Bikini Atoll
Bikini Atoll
Bikini Atoll
Bikini Atoll
Tetiaroa
Tetiaroa
