name
Great Rift Valley
Great Rift Valley
Grand Canyon
Great Rift Valley
Great Rift Valley
Grand Canyon
Grand Canyon
Great Rift Valley
Great Divide
The Great Rift Valley
Grand Canyon
Great Rift Valley
Great Rift Valley
Great Rift Valley
Grand Canyon
Grand Canyon
Great Rift Valley
Great Rift Valley
Grand Canyon
Great Rift Valley
The Great Rift Valley
Great Rift Valley
Continental Divide
Continental Divide
Great Rift Valley
The Great Rift Valley
The Great Rift Valley
Grand Canyon
The Great Rift Valley
Grand Canyon
Great Rift Valley
Great Rift Valley
Grand Canyon
The Great Rift Valley
Grand Canyon
The Great Rift Valley
Great Rift Valley
Great Rift Valley
Great Dividing Range
Great Rift Valley
Great Rift Valley
Grand Canyon
Great Rift Valley
Great Rift Valley
Grand Canyon
Grand Canyon
Great Rift Valley
The Great Rift Valley
Great Rift Valley
The Grand Canyon
