name
Yosemite
Yosemite
Yosemite
Yosemite Meadow
Yosemite
Yosemite
Yosemite Meadow
Yosemite
Yosemite
Yosemite
Yosemite
Yosemite Meadow
Yosemite
Yosemite
Yosemite
Yosemite
Yosemite
Yosemite Meadow
Yosemite
Yosemite
Yosemite
Yosemite
Yosemite
Yosemite
Yosemite
Yosemite
Yosemite
Yosemite
Yosemite
Yosemite
Yosemite
Yosemite
Yosemite Meadow
Yosemite Meadow
Yosemite
Yosemite
Yosemite
Yosemite
Yosemite
Yosemite
Yosemite
Yosemite
Yosemite
Yosemite
Yosemite
Yosemite
Yosemite
Yosemite
Yosemite
Yosemite
