name
Great Plains
Great Plains
Great Plains
Great Plains
Great Plains
Great Plains
Great Plains
Great Plains
Prairie
Great Plains
Great Plains
Great Plains
Savannah
Great Plains
Great Plains
Prairie
Great Plains
Great Plains
Great Plains
Prairie
Great Plains
Great Plains
Great Plains
Great Plains
Great Plains
Great Plains
Great Plains
Prairie
Great Plains
Great Plains
Savannah
Great Plains
Great Plains
Great Plains
Great Plains
Prairie
Great Plains
Great Plains
Great Plains
Great Plains
Prairie
Great Plains
Great Plains
Great Plains
Great Plains
Great Plains
Great Plains
Great Plains
Great Plains
Great Plains
