name
Amazon River
Amazon River
Amazon River
Nile River
Amazon River
Amazon River
Amazon River
Amazon River
Amazon River
Amazon River
Nile River
Amazon River
Amazon River
Amazon River
Amazon River
Amazon River
Amazon River
Amazon River
Amazon River
Amazon River
Mississippi River
Amazon River
Amazon River
Amazon River
Nile River
Amazon River
Amazon River
Amazon River
Nile River
Amazon River
Amazon River
Amazon River
Amazon River
Amazon River
Nile River
Amazon River
Amazon River
Amazon River
Amazon River
Amazon River
Amazon River
Amazon River
Amazon River
Amazon River
Amazon River
Amazon River
Amazon River
Amazon River
Mississippi River
Amazon River
