name
Gap
Gap
Gap
Gap
Gap
Gap
Gap
Gap
Gap
The Gap
Gap
Gap
Gap
Gap
Gap
Gap
Gap
Gap
Gap
Gap
Gap
Gap
Gap
Gap
The Gap
Gap
The Great Rift Valley
Gap
Gap
Gap
Gap
The Gap
Gap
The Gap
Gap
Gap
Gap
Gap
Gap
Gap
Gap
Gap
Gap
Gap
Gap
Gap
Gap
Gap
Gap
Gap
